Router	Min	Max	Avg	Center
R_0	345.69	348.65	347.44	347.44
R_1	347.12	350.85	349.5	350.43
R_2	346.34	350.24	348.08	348.08
R_3	348.56	353.17	350.9	351.76
R_1_0_0	343.6	345.83	344.33	344.58
R_1_1_0	343.21	344.35	343.69	344.33
R_4	346.61	350.82	349.32	349.88
R_5	346.72	349.67	348.45	348.45
R_6	347.96	353.55	350.81	351.4
R_7	347.4	351.65	349.21	349.21
R_1_0_1	344.33	345.89	344.89	344.89
R_1_1_1	342.99	344.85	343.71	344.85
R_8	346.16	354.26	349.19	346.93
R_9	348.54	358.06	352.35	350.63
R_10	345.59	350.86	347.51	347.51
R_11	347.16	353.17	349.65	350.71
R_1_0_2	343.3	348.46	344.39	345.0
R_1_1_2	343.85	344.0	343.91	343.91
R_12	348.02	358.4	351.98	350.43
R_13	347.51	356.48	350.63	347.98
R_14	346.69	353.55	349.34	349.82
R_15	346.94	352.39	348.66	348.66
R_1_0_3	343.85	346.33	344.7	345.04
R_1_1_3	343.1	344.35	343.78	344.27
R_2_0_0	346.04	350.51	347.51	347.51
R_2_1_0	346.09	348.09	346.74	346.74
R_2_2_0	344.75	346.62	345.47	345.47
R_2_3_0	345.32	346.35	345.95	345.95
