Router	Min	Max	Avg	Center
R_0	342.95	347.95	345.58	345.58
R_1	343.32	348.64	346.13	346.13
R_2	343.4	348.79	346.25	346.25
R_3	343.42	348.83	346.28	346.28
R_4	343.41	348.81	346.27	346.27
R_5	343.38	348.74	346.21	346.21
R_6	343.24	348.41	345.95	345.95
R_7	342.12	346.19	344.09	344.09
R_8	344.47	348.56	346.64	346.64
R_9	347.45	351.19	349.44	349.44
R_10	348.26	351.93	350.22	350.22
R_11	348.46	352.14	350.41	350.41
R_12	348.43	352.1	350.36	350.36
R_13	348.08	351.73	349.97	349.97
R_14	346.79	350.36	348.52	348.52
R_15	342.33	345.73	343.88	343.88
R_16	344.56	348.69	346.75	346.75
R_17	348.0	351.69	349.97	349.97
R_18	349.08	352.64	350.99	350.99
R_19	349.38	352.91	351.26	351.26
R_20	349.32	352.85	351.18	351.18
R_21	348.85	352.37	350.66	350.66
R_22	347.24	350.74	348.92	348.92
R_23	342.41	345.82	343.97	343.97
R_24	344.61	348.75	346.81	346.81
R_25	348.14	351.81	350.1	350.1
R_26	349.28	352.81	351.17	351.17
R_27	349.6	353.1	351.46	351.46
R_28	349.55	353.04	351.38	351.38
R_29	349.03	352.52	350.82	350.82
R_30	347.35	350.84	349.02	349.02
R_31	342.44	345.86	344.0	344.0
R_32	344.63	348.77	346.83	346.83
R_33	348.17	351.85	350.13	350.13
R_34	349.33	352.85	351.22	351.22
R_35	349.66	353.14	351.51	351.51
R_36	349.6	353.08	351.43	351.43
R_37	349.08	352.56	350.86	350.86
R_38	347.38	350.87	349.05	349.05
R_39	342.45	345.87	344.01	344.01
R_40	344.65	348.79	346.85	346.85
R_41	348.19	351.87	350.15	350.15
R_42	349.34	352.86	351.23	351.23
R_43	349.67	353.14	351.52	351.52
R_44	349.61	353.09	351.44	351.44
R_45	349.09	352.57	350.87	350.87
R_46	347.4	350.88	349.06	349.06
R_47	342.46	345.88	344.02	344.02
R_48	344.75	348.91	346.95	346.95
R_49	348.24	351.92	350.21	350.21
R_50	349.33	352.84	351.21	351.21
R_51	349.63	353.1	351.48	351.48
R_52	349.57	353.04	351.4	351.4
R_53	349.09	352.57	350.88	350.88
R_54	347.44	350.94	349.11	349.11
R_55	342.49	345.93	344.06	344.06
R_56	345.39	349.66	347.66	347.66
R_57	348.42	352.05	350.37	350.37
R_58	349.22	352.66	351.06	351.06
R_59	349.41	352.83	351.23	351.23
R_60	349.37	352.79	351.18	351.18
R_61	349.03	352.49	350.83	350.83
R_62	347.71	351.27	349.44	349.44
R_63	342.8	346.43	344.47	344.47
