Router	Min	Max	Avg	Center
R_0	360.69	367.14	363.4	362.34
R_1	362.27	369.0	365.17	364.12
R_2	362.37	369.14	365.3	364.24
R_3	362.67	369.37	365.53	364.47
R_4	360.73	370.74	364.44	362.7
R_5	362.35	372.48	366.14	364.4
R_6	362.45	372.62	366.26	364.53
R_7	362.76	372.93	366.56	364.82
R_2_0_0	359.04	369.44	363.88	364.32
R_2_1_0	361.79	369.24	363.91	363.45
R_2_2_0	357.73	362.77	360.16	360.53
R_2_3_0	358.8	374.28	365.71	365.05
R_2_4_0	361.28	373.42	365.34	364.47
R_2_5_0	357.72	368.24	362.72	362.59
R_8	358.17	362.58	360.1	359.38
R_9	359.75	364.43	361.86	361.15
R_10	359.85	364.57	361.99	361.27
R_11	360.15	364.8	362.21	361.5
R_12	358.22	365.33	360.8	359.57
R_13	359.85	367.07	362.5	361.26
R_14	359.95	367.21	362.62	361.39
R_15	360.24	367.51	362.91	361.68
R_2_0_1	357.28	364.62	360.73	361.08
R_2_1_1	359.27	364.5	360.78	360.47
R_2_2_1	356.24	359.99	358.07	358.33
R_2_3_1	357.1	368.45	362.16	361.67
R_2_4_1	358.89	367.87	361.91	361.26
R_2_5_1	356.23	364.08	359.97	359.87
