Router	Min	Max	Avg	Center
R_0	395.29	410.61	402.87	401.82
R_1	396.03	413.88	404.89	403.82
R_2	395.2	415.96	404.68	402.52
R_3	396.01	419.21	406.73	404.56
R_2_0_0	387.75	408.5	397.52	396.96
R_2_1_0	387.05	417.28	400.25	398.68
R_4	392.07	406.02	399.01	398.05
R_5	392.81	409.27	401.01	400.04
R_6	392.03	411.14	400.68	398.69
R_7	392.82	414.37	402.72	400.71
R_2_0_1	385.16	404.25	394.22	393.62
R_2_1_1	384.51	412.6	396.79	395.24
R_2_2_1	378.69	394.32	384.9	384.45
R_2_3_1	379.39	404.53	390.43	389.25
R_8	385.81	396.86	391.38	390.64
R_9	386.52	400.06	393.35	392.6
R_10	385.84	401.42	392.76	391.11
R_11	386.61	404.6	394.76	393.1
R_2_0_2	380.08	395.62	387.48	386.87
R_2_1_2	379.58	403.09	389.78	388.3
R_2_2_2	375.57	388.08	380.69	380.51
R_2_3_2	376.06	396.58	385.2	384.39
R_12	376.86	383.25	380.24	379.84
R_13	377.55	386.38	382.16	381.75
R_14	376.94	386.53	381.07	380.03
R_15	377.69	389.64	383.02	381.98
R_2_2_3	370.6	378.47	373.92	373.92
R_2_3_3	370.89	384.36	376.93	376.48
