Router	Min	Max	Avg	Center
R_0	363.12	374.32	367.06	365.57
R_1	364.69	376.17	368.89	367.4
R_2	364.82	376.31	369.03	367.54
R_3	365.35	376.74	369.42	367.93
R_4	363.43	374.9	366.83	365.34
R_5	365.08	376.94	368.58	367.1
R_6	365.21	377.1	368.72	367.24
R_7	365.69	377.44	369.2	367.71
R_8	360.5	368.44	363.45	362.39
R_9	362.06	370.28	365.27	364.21
R_10	362.19	370.42	365.41	364.35
R_11	362.71	370.86	365.8	364.74
R_12	360.89	369.02	363.21	362.16
R_13	362.54	371.05	364.96	363.91
R_14	362.67	371.21	365.1	364.05
R_15	363.15	371.55	365.57	364.52
