Router	Min	Max	Avg	Center
R_0	347.77	357.54	352.32	351.3
R_1	347.94	357.83	352.55	351.52
R_2	348.1	357.98	352.7	351.68
R_3	348.15	358.03	352.76	351.73
R_4	348.18	358.07	352.79	351.76
R_5	348.27	358.19	352.9	351.87
R_6	348.89	359.04	353.63	352.6
R_7	355.84	368.57	361.9	360.93
R_8	365.31	369.5	367.92	365.8
R_9	367.22	371.02	369.67	367.56
R_10	367.69	371.4	370.11	367.99
R_11	367.82	371.5	370.22	368.1
R_12	367.86	371.55	370.27	368.15
R_13	367.94	371.64	370.35	368.23
R_14	368.19	371.98	370.62	368.5
R_15	369.45	376.55	373.0	370.76
R_16	366.63	371.2	369.32	367.19
R_17	369.21	373.36	371.69	369.57
R_18	369.85	373.9	372.27	370.15
R_19	370.01	374.03	372.42	370.3
R_20	370.05	374.07	372.46	370.34
R_21	370.06	374.09	372.47	370.35
R_22	369.95	373.98	372.34	370.21
R_23	369.88	376.85	373.35	371.11
R_24	365.31	369.97	367.93	365.81
R_25	367.29	371.7	369.75	367.63
R_26	367.79	372.13	370.21	368.09
R_27	367.92	372.24	370.32	368.2
R_28	367.96	372.28	370.36	368.24
R_29	368.0	372.33	370.41	368.29
R_30	368.17	372.49	370.6	368.48
R_31	369.42	376.62	372.97	370.73
R_32	345.9	353.62	349.51	348.78
R_33	346.07	353.9	349.74	349.0
R_34	346.22	354.06	349.89	349.16
R_35	346.28	354.11	349.94	349.21
R_36	346.3	354.14	349.98	349.24
R_37	346.39	354.27	350.08	349.34
R_38	347.0	355.11	350.8	350.07
R_39	353.84	364.4	359.0	358.34
R_40	361.73	364.64	363.63	362.15
R_41	363.63	366.2	365.37	363.89
R_42	364.1	366.61	365.8	364.32
R_43	364.22	366.71	365.92	364.44
R_44	364.27	366.76	365.96	364.48
R_45	364.34	366.84	366.04	364.56
R_46	364.59	367.11	366.31	364.83
R_47	365.59	370.32	368.02	366.47
R_48	363.04	366.32	365.02	363.53
R_49	365.61	368.48	367.38	365.89
R_50	366.25	369.01	367.96	366.47
R_51	366.4	369.14	368.11	366.62
R_52	366.45	369.18	368.15	366.66
R_53	366.46	369.19	368.16	366.67
R_54	366.35	369.08	368.03	366.54
R_55	366.01	370.59	368.35	366.8
R_56	361.73	365.11	363.63	362.15
R_57	363.7	366.83	365.45	363.96
R_58	364.2	367.26	365.9	364.42
R_59	364.32	367.37	366.02	364.54
R_60	364.36	367.4	366.06	364.57
R_61	364.41	367.45	366.11	364.62
R_62	364.58	367.61	366.29	364.81
R_63	365.55	370.38	368.0	366.45
