Router	Min	Max	Avg	Center
R_0	372.37	389.67	380.04	379.1
R_1	372.94	390.73	380.83	379.86
R_2	372.77	390.6	380.68	379.71
R_3	375.79	394.25	384.48	383.17
R_4	393.83	404.01	399.33	397.22
R_5	396.19	407.1	402.07	399.95
R_6	395.49	406.72	401.52	399.4
R_7	402.76	415.75	408.64	405.64
R_8	394.29	404.47	399.76	397.66
R_9	396.88	407.88	402.75	400.63
R_10	396.08	407.44	402.14	400.02
R_11	403.04	416.04	408.91	405.9
R_12	394.79	404.93	400.29	398.18
R_13	397.15	408.14	403.03	400.91
R_14	396.4	407.71	402.45	400.32
R_15	403.33	416.27	409.2	406.18
R_16	369.8	385.76	376.88	376.01
R_17	370.34	386.78	377.63	376.73
R_18	370.18	386.65	377.48	376.59
R_19	372.7	389.52	380.62	379.41
R_20	389.67	398.96	394.71	392.73
R_21	392.0	402.02	397.42	395.43
R_22	391.3	401.64	396.88	394.89
R_23	397.19	408.9	402.53	399.71
R_24	390.12	399.42	395.15	393.17
R_25	392.68	402.79	398.1	396.11
R_26	391.89	402.35	397.49	395.5
R_27	397.46	409.19	402.79	399.96
R_28	390.61	399.87	395.66	393.68
R_29	392.95	403.05	398.38	396.38
R_30	392.21	402.62	397.8	395.8
R_31	397.74	409.41	403.07	400.24
R_32	364.78	377.92	370.62	369.9
R_33	365.24	378.87	371.29	370.55
R_34	365.1	378.76	371.16	370.42
R_35	366.71	380.03	372.99	371.99
R_36	381.47	388.86	385.55	383.88
R_37	383.77	391.85	388.21	386.52
R_38	383.07	391.48	387.67	385.98
R_39	386.29	395.25	390.44	388.06
R_40	381.92	389.31	385.98	384.3
R_41	384.43	392.61	388.88	387.18
R_42	383.65	392.18	388.27	386.58
R_43	386.54	395.51	390.68	388.29
R_44	382.4	389.76	386.48	384.8
R_45	384.69	392.86	389.14	387.45
R_46	383.96	392.44	388.57	386.88
R_47	386.81	395.71	390.94	388.54
R_48	357.53	366.16	361.39	360.93
R_49	357.85	367.02	361.94	361.46
R_50	357.75	366.91	361.83	361.35
R_51	358.22	366.02	361.81	361.17
R_52	369.59	373.85	372.05	370.97
R_53	371.81	376.73	374.62	373.53
R_54	371.13	376.36	374.09	373.0
R_55	370.64	375.13	372.72	371.2
R_56	370.02	374.31	372.46	371.38
R_57	372.46	377.47	375.27	374.17
R_58	371.69	377.05	374.68	373.58
R_59	370.88	375.37	372.93	371.42
R_60	370.49	374.73	372.95	371.86
R_61	372.71	377.71	375.52	374.42
R_62	371.99	377.3	374.96	373.87
R_63	371.12	375.56	373.16	371.64
