Router	Min	Max	Avg	Center
R_0	383.99	407.48	393.56	391.91
R_1	384.6	409.57	394.92	393.26
R_2	383.88	407.65	393.28	391.63
R_3	384.54	409.89	394.68	393.02
R_4	380.76	402.45	389.54	388.01
R_5	381.35	404.51	390.89	389.34
R_6	380.65	402.62	389.26	387.73
R_7	381.3	404.84	390.64	389.1
R_8	374.45	392.23	381.57	380.3
R_9	375.02	394.24	382.88	381.6
R_10	374.34	392.39	381.3	380.03
R_11	374.97	394.56	382.65	381.37
R_12	365.36	376.49	369.82	369.01
R_13	365.89	378.44	371.09	370.27
R_14	365.29	376.65	369.56	368.75
R_15	365.89	378.75	370.86	370.04
